{
 "cells": [
  {
   "cell_type": "code",
   "execution_count": 1,
   "id": "2c4f0291",
   "metadata": {},
   "outputs": [],
   "source": [
    "# Manipulación de datos\n",
    "import pandas as pd\n",
    "import numpy as np\n",
    "\n",
    "# Preprocesamiento\n",
    "from sklearn.preprocessing import StandardScaler\n",
    "\n",
    "# Modelado GMM\n",
    "from sklearn.mixture import GaussianMixture, BayesianGaussianMixture\n",
    "\n",
    "# Reducción de dimensionalidad (opcional, para visualización)\n",
    "from sklearn.decomposition import PCA\n",
    "\n",
    "import matplotlib.pyplot as plt\n",
    "from matplotlib.colors import LogNorm\n",
    "\n"
   ]
  },
  {
   "cell_type": "code",
   "execution_count": 5,
   "id": "8412ada4",
   "metadata": {},
   "outputs": [],
   "source": [
    "df = pd.read_csv('MusicInfo.csv')\n",
    "\n",
    "\n",
    "features = [\n",
    "    'duration_ms', 'danceability', 'energy', 'loudness',\n",
    "    'speechiness', 'acousticness', 'instrumentalness',\n",
    "    'liveness', 'valence', 'tempo',\n",
    "    'key', 'mode', 'time_signature'\n",
    "]\n",
    "\n"
   ]
  },
  {
   "cell_type": "code",
   "execution_count": 6,
   "id": "84a9dbbe",
   "metadata": {},
   "outputs": [
    {
     "name": "stdout",
     "output_type": "stream",
     "text": [
      "Dimensiones: (50683, 21)\n",
      "\n",
      "Valores nulos por columna:\n",
      "track_id                   0\n",
      "name                       0\n",
      "artist                     0\n",
      "spotify_preview_url        0\n",
      "spotify_id                 0\n",
      "tags                    1127\n",
      "genre                  28335\n",
      "year                       0\n",
      "duration_ms                0\n",
      "danceability               0\n",
      "energy                     0\n",
      "key                        0\n",
      "loudness                   0\n",
      "mode                       0\n",
      "speechiness                0\n",
      "acousticness               0\n",
      "instrumentalness           0\n",
      "liveness                   0\n",
      "valence                    0\n",
      "tempo                      0\n",
      "time_signature             0\n",
      "dtype: int64\n",
      "\n",
      "Estadísticos descriptivos de las variables numéricas:\n",
      "        duration_ms  danceability        energy      loudness   speechiness  \\\n",
      "count  5.068300e+04  50683.000000  50683.000000  50683.000000  50683.000000   \n",
      "mean   2.511551e+05      0.493537      0.686486     -8.291204      0.076023   \n",
      "std    1.075860e+05      0.178838      0.251808      4.548365      0.076007   \n",
      "min    1.439000e+03      0.000000      0.000000    -60.000000      0.000000   \n",
      "25%    1.927330e+05      0.364000      0.514000    -10.375000      0.035200   \n",
      "50%    2.349330e+05      0.497000      0.744000     -7.200000      0.048200   \n",
      "75%    2.881930e+05      0.621000      0.905000     -5.089000      0.083500   \n",
      "max    3.816373e+06      0.986000      1.000000      3.642000      0.954000   \n",
      "\n",
      "       acousticness  instrumentalness      liveness       valence  \\\n",
      "count  50683.000000      50683.000000  50683.000000  50683.000000   \n",
      "mean       0.213808          0.225283      0.215425      0.433134   \n",
      "std        0.302848          0.337049      0.184697      0.258779   \n",
      "min        0.000000          0.000000      0.000000      0.000000   \n",
      "25%        0.001400          0.000018      0.098400      0.214000   \n",
      "50%        0.039900          0.005630      0.138000      0.405000   \n",
      "75%        0.340000          0.441000      0.289000      0.634000   \n",
      "max        0.996000          0.999000      0.999000      0.993000   \n",
      "\n",
      "              tempo           key          mode  time_signature  \n",
      "count  50683.000000  50683.000000  50683.000000    50683.000000  \n",
      "mean     123.507682      5.312748      0.631060        3.898151  \n",
      "std       29.621125      3.568078      0.482522        0.419670  \n",
      "min        0.000000      0.000000      0.000000        0.000000  \n",
      "25%      100.683000      2.000000      0.000000        4.000000  \n",
      "50%      121.989000      5.000000      1.000000        4.000000  \n",
      "75%      141.639000      9.000000      1.000000        4.000000  \n",
      "max      238.895000     11.000000      1.000000        5.000000  \n"
     ]
    }
   ],
   "source": [
    "# Revisión inicial\n",
    "print(\"Dimensiones:\", df.shape)\n",
    "print(\"\\nValores nulos por columna:\")\n",
    "print(df.isnull().sum())\n",
    "\n",
    "print(\"\\nEstadísticos descriptivos de las variables numéricas:\")\n",
    "print(df[features].describe())"
   ]
  },
  {
   "cell_type": "code",
   "execution_count": 7,
   "id": "c664f9e5",
   "metadata": {},
   "outputs": [
    {
     "data": {
      "text/html": [
       "<div>\n",
       "<style scoped>\n",
       "    .dataframe tbody tr th:only-of-type {\n",
       "        vertical-align: middle;\n",
       "    }\n",
       "\n",
       "    .dataframe tbody tr th {\n",
       "        vertical-align: top;\n",
       "    }\n",
       "\n",
       "    .dataframe thead th {\n",
       "        text-align: right;\n",
       "    }\n",
       "</style>\n",
       "<table border=\"1\" class=\"dataframe\">\n",
       "  <thead>\n",
       "    <tr style=\"text-align: right;\">\n",
       "      <th></th>\n",
       "      <th>duration_ms</th>\n",
       "      <th>danceability</th>\n",
       "      <th>energy</th>\n",
       "      <th>loudness</th>\n",
       "      <th>speechiness</th>\n",
       "      <th>acousticness</th>\n",
       "      <th>instrumentalness</th>\n",
       "      <th>liveness</th>\n",
       "      <th>valence</th>\n",
       "      <th>tempo</th>\n",
       "      <th>key</th>\n",
       "      <th>mode</th>\n",
       "      <th>time_signature</th>\n",
       "    </tr>\n",
       "  </thead>\n",
       "  <tbody>\n",
       "    <tr>\n",
       "      <th>0</th>\n",
       "      <td>-0.269137</td>\n",
       "      <td>-0.774656</td>\n",
       "      <td>0.919413</td>\n",
       "      <td>0.864320</td>\n",
       "      <td>-0.018718</td>\n",
       "      <td>-0.702067</td>\n",
       "      <td>-0.668405</td>\n",
       "      <td>-0.640651</td>\n",
       "      <td>-0.746334</td>\n",
       "      <td>0.830710</td>\n",
       "      <td>-1.208715</td>\n",
       "      <td>0.764615</td>\n",
       "      <td>0.24269</td>\n",
       "    </tr>\n",
       "    <tr>\n",
       "      <th>1</th>\n",
       "      <td>0.069321</td>\n",
       "      <td>-0.472704</td>\n",
       "      <td>0.816159</td>\n",
       "      <td>0.861462</td>\n",
       "      <td>-0.558145</td>\n",
       "      <td>-0.703331</td>\n",
       "      <td>-0.668405</td>\n",
       "      <td>-0.045615</td>\n",
       "      <td>0.841907</td>\n",
       "      <td>1.719004</td>\n",
       "      <td>-0.928450</td>\n",
       "      <td>0.764615</td>\n",
       "      <td>0.24269</td>\n",
       "    </tr>\n",
       "    <tr>\n",
       "      <th>2</th>\n",
       "      <td>-0.299625</td>\n",
       "      <td>0.080874</td>\n",
       "      <td>0.554052</td>\n",
       "      <td>0.551457</td>\n",
       "      <td>-0.473942</td>\n",
       "      <td>-0.705418</td>\n",
       "      <td>-0.667044</td>\n",
       "      <td>-0.691004</td>\n",
       "      <td>0.424559</td>\n",
       "      <td>-0.118014</td>\n",
       "      <td>-0.367918</td>\n",
       "      <td>-1.307848</td>\n",
       "      <td>0.24269</td>\n",
       "    </tr>\n",
       "    <tr>\n",
       "      <th>3</th>\n",
       "      <td>-0.131330</td>\n",
       "      <td>-1.199626</td>\n",
       "      <td>-0.089301</td>\n",
       "      <td>-0.123078</td>\n",
       "      <td>-0.512096</td>\n",
       "      <td>-0.704712</td>\n",
       "      <td>-0.666462</td>\n",
       "      <td>-0.446276</td>\n",
       "      <td>0.219750</td>\n",
       "      <td>-0.639674</td>\n",
       "      <td>1.033410</td>\n",
       "      <td>0.764615</td>\n",
       "      <td>0.24269</td>\n",
       "    </tr>\n",
       "    <tr>\n",
       "      <th>4</th>\n",
       "      <td>-0.116328</td>\n",
       "      <td>0.120016</td>\n",
       "      <td>-1.018589</td>\n",
       "      <td>-0.361407</td>\n",
       "      <td>-0.514728</td>\n",
       "      <td>-0.672316</td>\n",
       "      <td>-0.667987</td>\n",
       "      <td>-0.467933</td>\n",
       "      <td>-1.271883</td>\n",
       "      <td>-1.069068</td>\n",
       "      <td>0.472879</td>\n",
       "      <td>0.764615</td>\n",
       "      <td>0.24269</td>\n",
       "    </tr>\n",
       "  </tbody>\n",
       "</table>\n",
       "</div>"
      ],
      "text/plain": [
       "   duration_ms  danceability    energy  loudness  speechiness  acousticness  \\\n",
       "0    -0.269137     -0.774656  0.919413  0.864320    -0.018718     -0.702067   \n",
       "1     0.069321     -0.472704  0.816159  0.861462    -0.558145     -0.703331   \n",
       "2    -0.299625      0.080874  0.554052  0.551457    -0.473942     -0.705418   \n",
       "3    -0.131330     -1.199626 -0.089301 -0.123078    -0.512096     -0.704712   \n",
       "4    -0.116328      0.120016 -1.018589 -0.361407    -0.514728     -0.672316   \n",
       "\n",
       "   instrumentalness  liveness   valence     tempo       key      mode  \\\n",
       "0         -0.668405 -0.640651 -0.746334  0.830710 -1.208715  0.764615   \n",
       "1         -0.668405 -0.045615  0.841907  1.719004 -0.928450  0.764615   \n",
       "2         -0.667044 -0.691004  0.424559 -0.118014 -0.367918 -1.307848   \n",
       "3         -0.666462 -0.446276  0.219750 -0.639674  1.033410  0.764615   \n",
       "4         -0.667987 -0.467933 -1.271883 -1.069068  0.472879  0.764615   \n",
       "\n",
       "   time_signature  \n",
       "0         0.24269  \n",
       "1         0.24269  \n",
       "2         0.24269  \n",
       "3         0.24269  \n",
       "4         0.24269  "
      ]
     },
     "execution_count": 7,
     "metadata": {},
     "output_type": "execute_result"
    }
   ],
   "source": [
    "scaler = StandardScaler()\n",
    "\n",
    "X_scaled = scaler.fit_transform(df[features])\n",
    "\n",
    "pd.DataFrame(X_scaled, columns=features).head()"
   ]
  },
  {
   "cell_type": "code",
   "execution_count": 10,
   "id": "756f0b51",
   "metadata": {},
   "outputs": [
    {
     "data": {
      "text/html": [
       "<div>\n",
       "<style scoped>\n",
       "    .dataframe tbody tr th:only-of-type {\n",
       "        vertical-align: middle;\n",
       "    }\n",
       "\n",
       "    .dataframe tbody tr th {\n",
       "        vertical-align: top;\n",
       "    }\n",
       "\n",
       "    .dataframe thead th {\n",
       "        text-align: right;\n",
       "    }\n",
       "</style>\n",
       "<table border=\"1\" class=\"dataframe\">\n",
       "  <thead>\n",
       "    <tr style=\"text-align: right;\">\n",
       "      <th></th>\n",
       "      <th>n_components</th>\n",
       "      <th>BIC</th>\n",
       "      <th>AIC</th>\n",
       "    </tr>\n",
       "  </thead>\n",
       "  <tbody>\n",
       "    <tr>\n",
       "      <th>0</th>\n",
       "      <td>1</td>\n",
       "      <td>1.731291e+06</td>\n",
       "      <td>1.730372e+06</td>\n",
       "    </tr>\n",
       "    <tr>\n",
       "      <th>1</th>\n",
       "      <td>2</td>\n",
       "      <td>1.086009e+06</td>\n",
       "      <td>1.084162e+06</td>\n",
       "    </tr>\n",
       "    <tr>\n",
       "      <th>2</th>\n",
       "      <td>3</td>\n",
       "      <td>1.016067e+06</td>\n",
       "      <td>1.013293e+06</td>\n",
       "    </tr>\n",
       "    <tr>\n",
       "      <th>3</th>\n",
       "      <td>4</td>\n",
       "      <td>6.612676e+05</td>\n",
       "      <td>6.575664e+05</td>\n",
       "    </tr>\n",
       "    <tr>\n",
       "      <th>4</th>\n",
       "      <td>5</td>\n",
       "      <td>4.608709e+05</td>\n",
       "      <td>4.562423e+05</td>\n",
       "    </tr>\n",
       "    <tr>\n",
       "      <th>5</th>\n",
       "      <td>6</td>\n",
       "      <td>3.949112e+05</td>\n",
       "      <td>3.893550e+05</td>\n",
       "    </tr>\n",
       "    <tr>\n",
       "      <th>6</th>\n",
       "      <td>7</td>\n",
       "      <td>3.694258e+05</td>\n",
       "      <td>3.629421e+05</td>\n",
       "    </tr>\n",
       "    <tr>\n",
       "      <th>7</th>\n",
       "      <td>8</td>\n",
       "      <td>3.471761e+05</td>\n",
       "      <td>3.397649e+05</td>\n",
       "    </tr>\n",
       "    <tr>\n",
       "      <th>8</th>\n",
       "      <td>9</td>\n",
       "      <td>3.070650e+05</td>\n",
       "      <td>2.987263e+05</td>\n",
       "    </tr>\n",
       "    <tr>\n",
       "      <th>9</th>\n",
       "      <td>10</td>\n",
       "      <td>1.983589e+05</td>\n",
       "      <td>1.890927e+05</td>\n",
       "    </tr>\n",
       "  </tbody>\n",
       "</table>\n",
       "</div>"
      ],
      "text/plain": [
       "   n_components           BIC           AIC\n",
       "0             1  1.731291e+06  1.730372e+06\n",
       "1             2  1.086009e+06  1.084162e+06\n",
       "2             3  1.016067e+06  1.013293e+06\n",
       "3             4  6.612676e+05  6.575664e+05\n",
       "4             5  4.608709e+05  4.562423e+05\n",
       "5             6  3.949112e+05  3.893550e+05\n",
       "6             7  3.694258e+05  3.629421e+05\n",
       "7             8  3.471761e+05  3.397649e+05\n",
       "8             9  3.070650e+05  2.987263e+05\n",
       "9            10  1.983589e+05  1.890927e+05"
      ]
     },
     "metadata": {},
     "output_type": "display_data"
    }
   ],
   "source": [
    "bic, aic = [], []\n",
    "n_components_range = range(1, 11)\n",
    "\n",
    "for k in n_components_range:\n",
    "    gm = GaussianMixture(n_components=k, n_init=10, random_state=42)\n",
    "    gm.fit(X_scaled)\n",
    "    bic.append(gm.bic(X_scaled))\n",
    "    aic.append(gm.aic(X_scaled))\n",
    "\n",
    "df_bic_aic = pd.DataFrame({\n",
    "    'n_components': list(n_components_range),\n",
    "    'BIC': bic,\n",
    "    'AIC': aic\n",
    "})\n",
    "\n",
    "display(df_bic_aic)"
   ]
  },
  {
   "cell_type": "code",
   "execution_count": 24,
   "id": "72fa4104",
   "metadata": {},
   "outputs": [
    {
     "name": "stdout",
     "output_type": "stream",
     "text": [
      "Pesos: [0.36103798 0.05853752 0.02714749 0.02898921 0.32066325 0.00896989\n",
      " 0.19465466]\n",
      "Medias: [[-0.10472503  0.30535701 -0.29518873 -0.17175089 -0.08353415  0.28282761\n",
      "  -0.151669   -0.05371844  0.22968844 -0.10662974 -0.13481215  0.76461498\n",
      "   0.24269015]\n",
      " [-0.11510209 -0.60113634 -1.29887775 -0.99861889 -0.5098603   1.16624442\n",
      "   0.2412037  -0.41971531 -0.67092581 -0.06716443 -0.08311771  0.0427294\n",
      "  -1.94602831]\n",
      " [ 0.22246739 -0.31734177 -0.48296127 -0.66900147  1.50800945  0.53742056\n",
      "   0.20241003  0.64049577 -0.28943275 -0.01800348  0.04340208 -0.09078067\n",
      "  -1.57503924]\n",
      " [ 0.03758214 -0.87877562  0.79528657  0.58287788  0.28742199 -0.70107538\n",
      "   0.23056743  0.13189682 -0.53801539  0.22251681  0.04024857 -0.13032573\n",
      "  -2.00715414]\n",
      " [ 0.04642583  0.1342907   0.11133269  0.09913683  0.016371   -0.1132657\n",
      "   0.03172657  0.00553882  0.0385026  -0.00855114  0.21900167 -1.30784777\n",
      "   0.24269015]\n",
      " [ 3.34752416 -1.10356227 -1.36787882 -2.28834274 -0.28532796  0.91320985\n",
      "   1.09516555  0.03033611 -0.94634002 -0.4688035   0.02053415 -0.19743344\n",
      "   0.24269015]\n",
      " [-0.03850604 -0.38082656  0.76665672  0.56749965  0.04132414 -0.70133337\n",
      "   0.04347623  0.10636195 -0.12358144  0.22303263 -0.09872456  0.76461498\n",
      "   0.24269015]]\n",
      "Covarianzas: [[[ 5.91283057e-01 -5.18044436e-02  5.15041241e-03 ...  2.19672625e-03\n",
      "   -9.58340435e-31 -3.13247850e-31]\n",
      "  [-5.18044436e-02  8.92941449e-01  8.02719952e-02 ... -1.74848116e-02\n",
      "    2.59362689e-30  7.98496679e-31]\n",
      "  [ 5.15041241e-03  8.02719952e-02  8.64495352e-01 ...  2.50769883e-03\n",
      "   -3.13828767e-30 -1.01379159e-30]\n",
      "  ...\n",
      "  [ 2.19672625e-03 -1.74848116e-02  2.50769883e-03 ...  9.74255765e-01\n",
      "   -1.50027447e-30 -4.66770498e-31]\n",
      "  [-9.53145594e-31  2.58948826e-30 -3.15484218e-30 ... -1.50650396e-30\n",
      "    1.00000000e-06  2.82880590e-30]\n",
      "  [-3.08257785e-31  7.96384254e-31 -1.01405026e-30 ... -4.69658916e-31\n",
      "    2.82880590e-30  1.00000000e-06]]\n",
      "\n",
      " [[ 7.24422100e-01 -2.57768332e-02  1.06658350e-01 ...  9.10505630e-03\n",
      "   -5.79836131e-02 -1.11972802e-02]\n",
      "  [-2.57768332e-02  7.70379797e-01  1.80292019e-01 ... -2.91901857e-02\n",
      "    6.04760940e-02 -1.02613854e-01]\n",
      "  [ 1.06658350e-01  1.80292019e-01  6.96456165e-01 ... -4.76812335e-03\n",
      "   -9.29938713e-03 -5.21133176e-02]\n",
      "  ...\n",
      "  [ 9.10505630e-03 -2.91901857e-02 -4.76812335e-03 ...  9.63562487e-01\n",
      "   -1.29198144e-01  3.84919569e-02]\n",
      "  [-5.79836131e-02  6.04760940e-02 -9.29938713e-03 ... -1.29198144e-01\n",
      "    9.74963189e-01 -3.32044569e-02]\n",
      "  [-1.11972802e-02 -1.02613854e-01 -5.21133176e-02 ...  3.84919569e-02\n",
      "   -3.32044569e-02  3.84120836e+00]]\n",
      "\n",
      " [[ 3.66728769e+00 -3.93300494e-01 -2.19746949e-02 ...  5.02569070e-02\n",
      "   -1.76499493e-01 -2.39072996e-02]\n",
      "  [-3.93300494e-01  1.15381755e+00 -1.35883294e-02 ... -2.17435880e-02\n",
      "    5.83602917e-02  3.66755267e-01]\n",
      "  [-2.19746949e-02 -1.35883294e-02  1.22331722e+00 ...  6.49294541e-02\n",
      "   -3.94338204e-02  5.91688037e-02]\n",
      "  ...\n",
      "  [ 5.02569070e-02 -2.17435880e-02  6.49294541e-02 ...  9.75889491e-01\n",
      "   -1.91368939e-01  1.09484152e-01]\n",
      "  [-1.76499493e-01  5.83602917e-02 -3.94338204e-02 ... -1.91368939e-01\n",
      "    1.04107491e+00 -3.77249582e-02]\n",
      "  [-2.39072996e-02  3.66755267e-01  5.91688037e-02 ...  1.09484152e-01\n",
      "   -3.77249582e-02  6.75293194e+00]]\n",
      "\n",
      " ...\n",
      "\n",
      " [[ 6.90500278e-01 -2.65669986e-02 -1.12246955e-02 ... -3.63314762e-03\n",
      "   -7.17014969e-31  1.33481666e-31]\n",
      "  [-2.65669986e-02  9.92699131e-01 -1.46420086e-01 ...  6.58687677e-02\n",
      "   -2.18696361e-30  4.01512851e-31]\n",
      "  [-1.12246955e-02 -1.46420086e-01  8.40785993e-01 ...  2.52382388e-02\n",
      "   -1.95863715e-30  3.24239101e-31]\n",
      "  ...\n",
      "  [-3.63314762e-03  6.58687677e-02  2.52382388e-02 ...  9.78843505e-01\n",
      "   -3.47460057e-30  5.92318824e-31]\n",
      "  [-7.44779156e-31 -2.24909326e-30 -1.84214406e-30 ... -3.45984478e-30\n",
      "    1.00000000e-06 -4.06756404e-30]\n",
      "  [ 1.32996278e-31  4.01318695e-31  3.23656635e-31 ...  5.86008782e-31\n",
      "   -4.06756404e-30  1.00000000e-06]]\n",
      "\n",
      " [[ 1.68110158e+01  4.51689650e-01  2.71207286e+00 ... -3.11047214e-01\n",
      "    4.04968822e-01  3.62736347e-29]\n",
      "  [ 4.51689650e-01  7.31894227e-01  1.93884084e-01 ...  5.17152142e-02\n",
      "   -2.10682151e-02 -1.01103164e-29]\n",
      "  [ 2.71207286e+00  1.93884084e-01  1.51157240e+00 ... -7.77832071e-02\n",
      "    1.00948369e-01 -1.55728587e-29]\n",
      "  ...\n",
      "  [-3.11047214e-01  5.17152142e-02 -7.77832071e-02 ...  1.00865212e+00\n",
      "   -2.17767793e-01  8.49132638e-32]\n",
      "  [ 4.04968822e-01 -2.10682151e-02  1.00948369e-01 ... -2.17767793e-01\n",
      "    1.06827336e+00 -2.21618111e-30]\n",
      "  [ 3.62666939e-29 -1.00964347e-29 -1.55797996e-29 ...  9.01188823e-32\n",
      "   -2.24481286e-30  1.00000000e-06]]\n",
      "\n",
      " [[ 6.88797674e-01  2.68577717e-02 -6.78847466e-02 ...  1.38929610e-02\n",
      "   -8.53973843e-32 -2.69465529e-32]\n",
      "  [ 2.68577717e-02  6.99017114e-01 -8.41292630e-02 ... -1.78166594e-02\n",
      "   -3.96602084e-31 -1.14902660e-31]\n",
      "  [-6.78847466e-02 -8.41292630e-02  1.84856010e-01 ... -2.95676180e-03\n",
      "    5.80670229e-31  1.92783795e-31]\n",
      "  ...\n",
      "  [ 1.38929610e-02 -1.78166594e-02 -2.95676180e-03 ...  9.70051552e-01\n",
      "   -1.68076125e-31 -5.47726669e-32]\n",
      "  [-6.84458436e-32 -3.78691022e-31  5.85787675e-31 ... -1.62478918e-31\n",
      "    1.00000000e-06  3.32800694e-31]\n",
      "  [-2.53473510e-32 -1.18740745e-31  1.91184593e-31 ... -5.45327866e-32\n",
      "    3.32800694e-31  1.00000000e-06]]]\n"
     ]
    }
   ],
   "source": [
    "from sklearn.mixture import GaussianMixture\n",
    "\n",
    "# Ajuste final con el k óptimo\n",
    "k_opt = 7  \n",
    "gm_final = GaussianMixture(n_components=k_opt, n_init=10, random_state=42)\n",
    "gm_final.fit(X_scaled)\n",
    "\n",
    "# Etiquetas y probabilidades\n",
    "labels = gm_final.predict(X_scaled)\n",
    "probs  = gm_final.predict_proba(X_scaled)\n",
    "\n",
    "# Parámetros del modelo\n",
    "print(\"Pesos:\",       gm_final.weights_)\n",
    "print(\"Medias:\",      gm_final.means_)\n",
    "print(\"Covarianzas:\", gm_final.covariances_)\n"
   ]
  },
  {
   "cell_type": "code",
   "execution_count": 32,
   "id": "77379f11",
   "metadata": {},
   "outputs": [
    {
     "name": "stdout",
     "output_type": "stream",
     "text": [
      "Pesos:\n",
      " [0.55707599 0.32312666 0.02421764 0.05814599 0.03743372]\n",
      "Medias:\n",
      " [[-0.07025122  0.05984556  0.07233183  0.0801941  -0.04859105 -0.05925399\n",
      "  -0.07824712  0.00296356  0.10158709  0.00724913 -0.12217504  0.76461498\n",
      "   0.24269015]\n",
      " [ 0.06202097  0.1249142   0.09951492  0.08146554  0.01401366 -0.10483186\n",
      "   0.0389735   0.00516894  0.03098577 -0.01298544  0.21860178 -1.30784777\n",
      "   0.24269015]\n",
      " [ 1.36397198 -0.74882162 -0.94755578 -1.15100361 -0.19046123  0.75744051\n",
      "   0.62520955  0.64575818 -0.65639152 -0.12844489 -0.01344033 -0.10679414\n",
      "  -1.73025698]\n",
      " [-0.1059702  -0.61002198 -1.20415113 -0.9651747  -0.50957212  1.07369354\n",
      "   0.26398359 -0.49203733 -0.66437456 -0.04837129 -0.07043208  0.03062957\n",
      "  -1.90954777]\n",
      " [-0.20772191 -0.53685841  0.54800522  0.3472199   1.5168895  -0.37109458\n",
      "   0.01350461  0.2577918  -0.3226258   0.16244319  0.04930193 -0.06792908\n",
      "  -1.62103126]]\n",
      "Covarianzas:\n",
      " [[[ 6.71991233e-01 -4.34762085e-02 -1.14666049e-02 -5.44768864e-02\n",
      "   -4.67709198e-02 -8.07854512e-02  1.58575793e-01  1.62484325e-02\n",
      "   -2.02644343e-01 -1.18527851e-02  7.85895751e-03  1.28523195e-33\n",
      "    3.77187639e-34]\n",
      "  [-4.34762085e-02  9.35572090e-01 -1.35755207e-01 -5.24106559e-02\n",
      "    1.17351798e-03  6.50961578e-02 -1.24389519e-01 -1.44119523e-01\n",
      "    4.90836810e-01 -1.32729603e-01 -2.32814559e-02  4.74977026e-33\n",
      "    5.75560397e-33]\n",
      "  [-1.14666049e-02 -1.35755207e-01  8.90602142e-01  6.42041917e-01\n",
      "    2.12039684e-01 -6.27472874e-01 -5.04066124e-02  1.74322885e-01\n",
      "    1.33321155e-01  2.33917797e-01  8.92843305e-03 -1.06171335e-32\n",
      "   -4.74977026e-33]\n",
      "  [-5.44768864e-02 -5.24106559e-02  6.42041917e-01  7.83022219e-01\n",
      "    1.34668454e-01 -4.76483439e-01 -2.08259695e-01  7.93343443e-02\n",
      "    1.09139458e-01  1.60212998e-01  8.69397683e-03 -7.15259522e-33\n",
      "   -1.70432933e-33]\n",
      "  [-4.67709198e-02  1.17351798e-03  2.12039684e-01  1.34668454e-01\n",
      "    7.01164030e-01 -1.28059249e-01 -2.12727606e-02  1.12245634e-01\n",
      "   -2.52848855e-02  8.30428626e-02  1.34959559e-03 -1.78814881e-32\n",
      "   -1.13715088e-32]\n",
      "  [-8.07854512e-02  6.50961578e-02 -6.27472874e-01 -4.76483439e-01\n",
      "   -1.28059249e-01  8.85162261e-01  2.37471151e-02 -8.83013372e-02\n",
      "   -5.83551235e-02 -1.83498190e-01  1.78146424e-03 -1.34111160e-33\n",
      "    2.09548688e-33]\n",
      "  [ 1.58575793e-01 -1.24389519e-01 -5.04066124e-02 -2.08259695e-01\n",
      "   -2.12727606e-02  2.37471151e-02  9.05542853e-01 -2.38343446e-02\n",
      "   -2.49004502e-01 -1.07446897e-02  2.76223100e-03 -3.59026752e-32\n",
      "   -2.31551300e-32]\n",
      "  [ 1.62484325e-02 -1.44119523e-01  1.74322885e-01  7.93343443e-02\n",
      "    1.12245634e-01 -8.83013372e-02 -2.38343446e-02  1.00291120e+00\n",
      "   -4.28723088e-02  1.58694624e-02 -8.37936988e-03  5.12695790e-33\n",
      "    5.69623184e-33]\n",
      "  [-2.02644343e-01  4.90836810e-01  1.33321155e-01  1.09139458e-01\n",
      "   -2.52848855e-02 -5.83551235e-02 -2.49004502e-01 -4.28723088e-02\n",
      "    9.91088999e-01  7.73429010e-02  1.05831794e-03 -9.44366088e-33\n",
      "   -4.74977026e-33]\n",
      "  [-1.18527851e-02 -1.32729603e-01  2.33917797e-01  1.60212998e-01\n",
      "    8.30428626e-02 -1.83498190e-01 -1.07446897e-02  1.58694624e-02\n",
      "    7.73429010e-02  9.68438226e-01  7.61075207e-03 -8.07460945e-33\n",
      "   -1.43890099e-33]\n",
      "  [ 7.85895751e-03 -2.32814559e-02  8.92843305e-03  8.69397683e-03\n",
      "    1.34959559e-03  1.78146424e-03  2.76223100e-03 -8.37936988e-03\n",
      "    1.05831794e-03  7.61075207e-03  9.72837306e-01  3.96745516e-33\n",
      "    2.72413295e-33]\n",
      "  [ 1.21538239e-33  4.41449236e-33 -8.21430858e-33 -3.18514006e-33\n",
      "   -1.47801675e-32  2.62634356e-33 -4.06175207e-32  3.81378612e-33\n",
      "   -9.72305913e-33 -6.25852082e-33  3.21307988e-33  1.00000000e-06\n",
      "    3.69778549e-32]\n",
      "  [-1.27126204e-33  6.62173855e-33 -2.17930636e-33 -1.81608863e-33\n",
      "   -1.23214629e-32  2.57046391e-33 -2.11714025e-32  4.20145120e-33\n",
      "   -6.25852082e-33 -1.45287090e-33  2.71016303e-33  3.69778549e-32\n",
      "    1.00000000e-06]]\n",
      "\n",
      " [[ 7.65000624e-01 -4.34939774e-02 -1.76321385e-02 -6.96652308e-02\n",
      "   -7.12715180e-02 -6.09631238e-02  1.73714895e-01  1.01520583e-02\n",
      "   -1.78127518e-01  4.15749986e-03 -6.97874690e-03 -1.18745588e-30\n",
      "    1.57969396e-31]\n",
      "  [-4.34939774e-02  1.00205259e+00 -1.30517467e-01 -4.38630233e-02\n",
      "    1.26753363e-02  3.07067555e-02 -9.45096259e-02 -1.57053623e-01\n",
      "    5.41463713e-01 -1.09432505e-01  6.64557503e-02 -1.53677561e-30\n",
      "    2.23117622e-31]\n",
      "  [-1.76321385e-02 -1.30517467e-01  8.63526031e-01  6.44081760e-01\n",
      "    1.97408444e-01 -5.94839027e-01 -1.18802397e-01  1.86592859e-01\n",
      "    1.21783058e-01  1.98174139e-01  2.38101419e-02 -1.51365461e-30\n",
      "    1.88436127e-31]\n",
      "  [-6.96652308e-02 -4.38630233e-02  6.44081760e-01  8.04838052e-01\n",
      "    1.50150541e-01 -4.85123081e-01 -2.77750705e-01  1.01583697e-01\n",
      "    1.15100710e-01  1.29070555e-01 -7.66703495e-04 -1.20075045e-30\n",
      "    1.51057181e-31]\n",
      "  [-7.12715180e-02  1.26753363e-02  1.97408444e-01  1.50150541e-01\n",
      "    8.17731430e-01 -1.15829807e-01 -1.04413752e-01  1.23365370e-01\n",
      "    8.44623999e-03  7.81668233e-02  4.75283712e-02 -3.18299060e-31\n",
      "    3.08279962e-32]\n",
      "  [-6.09631238e-02  3.07067555e-02 -5.94839027e-01 -4.85123081e-01\n",
      "   -1.15829807e-01  8.46271039e-01  9.87082255e-02 -9.10116525e-02\n",
      "   -7.90124109e-02 -1.57255122e-01 -3.48861093e-02  1.38494773e-30\n",
      "   -1.84775302e-31]\n",
      "  [ 1.73714895e-01 -9.45096259e-02 -1.18802397e-01 -2.77750705e-01\n",
      "   -1.04413752e-01  9.87082255e-02  1.03103469e+00 -3.83804495e-02\n",
      "   -2.26632648e-01 -3.63608814e-03  1.18421381e-02 -4.11553749e-31\n",
      "    6.59911793e-32]\n",
      "  [ 1.01520583e-02 -1.57053623e-01  1.86592859e-01  1.01583697e-01\n",
      "    1.23365370e-01 -9.10116525e-02 -3.83804495e-02  1.00676264e+00\n",
      "   -5.32798920e-02  2.64939482e-02  3.66424391e-03 -8.05381400e-32\n",
      "    8.57403643e-33]\n",
      "  [-1.78127518e-01  5.41463713e-01  1.21783058e-01  1.15100710e-01\n",
      "    8.44623999e-03 -7.90124109e-02 -2.26632648e-01 -5.32798920e-02\n",
      "    9.89494971e-01  4.27518583e-02  6.97182201e-02 -7.32935609e-31\n",
      "    1.07801649e-31]\n",
      "  [ 4.15749986e-03 -1.09432505e-01  1.98174139e-01  1.29070555e-01\n",
      "    7.81668233e-02 -1.57255122e-01 -3.63608814e-03  2.64939482e-02\n",
      "    4.27518583e-02  9.30077820e-01  1.63773077e-02  1.20999885e-31\n",
      "   -1.16568360e-32]\n",
      "  [-6.97874690e-03  6.64557503e-02  2.38101419e-02 -7.66703495e-04\n",
      "    4.75283712e-02 -3.48861093e-02  1.18421381e-02  3.66424391e-03\n",
      "    6.97182201e-02  1.63773077e-02  9.78817218e-01 -3.84964602e-30\n",
      "    5.62129242e-31]\n",
      "  [-1.24256092e-30 -1.53677561e-30 -1.51982021e-30 -1.24390965e-30\n",
      "   -2.95178063e-31  1.32483313e-30 -3.72248054e-31 -4.97101438e-32\n",
      "   -6.45075820e-31  9.63374880e-32 -3.78914608e-30  1.00000000e-06\n",
      "   -3.82720799e-30]\n",
      "  [ 1.51033097e-31  2.28705197e-31  1.90748226e-31  1.51827881e-31\n",
      "    2.50477469e-32 -1.82463202e-31  5.60684180e-32  4.43152445e-33\n",
      "    1.13581898e-31 -6.45461170e-33  5.60828686e-31 -3.82720799e-30\n",
      "    1.00000000e-06]]\n",
      "\n",
      " [[ 1.05995921e+01 -4.88704221e-01  5.74703878e-01  7.82942643e-01\n",
      "    2.52109491e-02 -9.24483327e-01  5.86102943e-01 -6.30450198e-01\n",
      "   -3.82653204e-01  8.83898419e-02 -2.23008868e-03 -1.16654712e-01\n",
      "    1.65074171e+00]\n",
      "  [-4.88704221e-01  9.28707019e-01  4.13645860e-02  2.32914496e-01\n",
      "    5.49335902e-02  1.18286638e-01 -2.35581011e-01 -8.73748346e-02\n",
      "    3.98399978e-01  2.03125931e-01  1.97137081e-02  2.12717585e-02\n",
      "   -4.15348369e-03]\n",
      "  [ 5.74703878e-01  4.13645860e-02  1.18512434e+00  1.24769470e+00\n",
      "    8.92116653e-02 -7.78335296e-01  1.28058044e-02  2.98288883e-01\n",
      "    1.37751060e-01  2.69256586e-01  4.93318603e-02 -5.76684424e-02\n",
      "   -1.52674462e-01]\n",
      "  [ 7.82942643e-01  2.32914496e-01  1.24769470e+00  2.97114289e+00\n",
      "   -1.12203607e-03 -9.90550645e-01 -4.65491257e-01  4.82450735e-01\n",
      "    3.16088207e-01  5.27540074e-01  2.87795153e-02 -3.38718791e-02\n",
      "   -4.68960700e-01]\n",
      "  [ 2.52109491e-02  5.49335902e-02  8.92116653e-02 -1.12203607e-03\n",
      "    2.25122854e-01 -1.12292676e-02 -6.85032843e-03 -1.10486332e-02\n",
      "    2.73200988e-02  8.78307502e-02  3.20809615e-02 -4.79998101e-03\n",
      "    1.34008690e-01]\n",
      "  [-9.24483327e-01  1.18286638e-01 -7.78335296e-01 -9.90550645e-01\n",
      "   -1.12292676e-02  1.55030670e+00 -3.95438863e-02 -1.04901237e-01\n",
      "    5.11433837e-02 -2.19264100e-01 -2.90028240e-02  7.53322504e-02\n",
      "    2.09874934e-02]\n",
      "  [ 5.86102943e-01 -2.35581011e-01  1.28058044e-02 -4.65491257e-01\n",
      "   -6.85032843e-03 -3.95438863e-02  1.34784064e+00 -3.50046280e-01\n",
      "   -2.67063274e-01 -1.56587521e-01  2.72104922e-02 -1.11330915e-01\n",
      "    3.00014298e-01]\n",
      "  [-6.30450198e-01 -8.73748346e-02  2.98288883e-01  4.82450735e-01\n",
      "   -1.10486332e-02 -1.04901237e-01 -3.50046280e-01  1.82641311e+00\n",
      "    3.91027482e-02  4.99997908e-02  2.80079841e-02 -4.54905701e-03\n",
      "   -1.31542390e-01]\n",
      "  [-3.82653204e-01  3.98399978e-01  1.37751060e-01  3.16088207e-01\n",
      "    2.73200988e-02  5.11433837e-02 -2.67063274e-01  3.91027482e-02\n",
      "    6.95097900e-01  2.44130480e-01 -1.12289835e-02  5.62508759e-03\n",
      "   -7.46754832e-02]\n",
      "  [ 8.83898419e-02  2.03125931e-01  2.69256586e-01  5.27540074e-01\n",
      "    8.78307502e-02 -2.19264100e-01 -1.56587521e-01  4.99997908e-02\n",
      "    2.44130480e-01  1.43394546e+00  5.12277297e-02 -1.38967732e-02\n",
      "    2.17581662e-01]\n",
      "  [-2.23008868e-03  1.97137081e-02  4.93318603e-02  2.87795153e-02\n",
      "    3.20809615e-02 -2.90028240e-02  2.72104922e-02  2.80079841e-02\n",
      "   -1.12289835e-02  5.12277297e-02  9.56434136e-01 -1.67072835e-01\n",
      "    1.00241228e-01]\n",
      "  [-1.16654712e-01  2.12717585e-02 -5.76684424e-02 -3.38718791e-02\n",
      "   -4.79998101e-03  7.53322504e-02 -1.11330915e-01 -4.54905701e-03\n",
      "    5.62508759e-03 -1.38967732e-02 -1.67072835e-01  1.04661009e+00\n",
      "    6.03582974e-03]\n",
      "  [ 1.65074171e+00 -4.15348369e-03 -1.52674462e-01 -4.68960700e-01\n",
      "    1.34008690e-01  2.09874934e-02  3.00014298e-01 -1.31542390e-01\n",
      "   -7.46754832e-02  2.17581662e-01  1.00241228e-01  6.03582974e-03\n",
      "    5.75445697e+00]]\n",
      "\n",
      " [[ 6.71361149e-01 -1.02529801e-02  1.60625117e-01  2.27433603e-01\n",
      "   -5.15411470e-03 -2.53439212e-01 -1.31196395e-02 -1.16056739e-02\n",
      "   -1.00943592e-01  7.22730829e-02  9.98706108e-03 -5.43355421e-02\n",
      "   -7.45999415e-02]\n",
      "  [-1.02529801e-02  7.56746818e-01  1.85713976e-01  3.31755577e-01\n",
      "   -1.49763522e-02 -1.49494656e-01 -3.02420210e-01 -6.50999297e-04\n",
      "    3.22565158e-01  3.93894933e-02 -2.27376266e-02  5.79339176e-02\n",
      "   -1.54703641e-01]\n",
      "  [ 1.60625117e-01  1.85713976e-01  8.67389607e-01  9.80565136e-01\n",
      "    1.97506578e-03 -8.59789358e-01 -2.16764206e-01  2.53950815e-02\n",
      "    3.09509420e-01  2.74996227e-01 -6.79830699e-03 -1.46779062e-02\n",
      "   -1.10599294e-01]\n",
      "  [ 2.27433603e-01  3.31755577e-01  9.80565136e-01  1.86414885e+00\n",
      "   -3.01837248e-02 -9.67491071e-01 -7.19394488e-01  5.16838138e-02\n",
      "    3.54512009e-01  3.81313882e-01 -2.68988461e-02  5.14627731e-02\n",
      "   -2.42864650e-01]\n",
      "  [-5.15411470e-03 -1.49763522e-02  1.97506578e-03 -3.01837248e-02\n",
      "    1.04918976e-02  6.40477098e-03  2.63644714e-02 -2.37802599e-03\n",
      "    7.31625067e-06  6.35162731e-03  1.11630897e-04 -5.60671879e-03\n",
      "    8.99851670e-03]\n",
      "  [-2.53439212e-01 -1.49494656e-01 -8.59789358e-01 -9.67491071e-01\n",
      "    6.40477098e-03  1.47261094e+00  2.45880549e-01 -2.62739928e-02\n",
      "   -2.36455312e-01 -2.99613969e-01  5.85533988e-04 -5.10272637e-03\n",
      "    4.87404728e-02]\n",
      "  [-1.31196395e-02 -3.02420210e-01 -2.16764206e-01 -7.19394488e-01\n",
      "    2.63644714e-02  2.45880549e-01  1.31601218e+00 -3.29317704e-02\n",
      "   -2.73154164e-01 -1.72203258e-01  1.14452687e-02 -1.25375197e-01\n",
      "    1.20403335e-01]\n",
      "  [-1.16056739e-02 -6.50999297e-04  2.53950815e-02  5.16838138e-02\n",
      "   -2.37802599e-03 -2.62739928e-02 -3.29317704e-02  6.51679108e-02\n",
      "    1.07456097e-02  5.98496620e-03  5.39699280e-04  5.97141381e-03\n",
      "   -1.08794146e-02]\n",
      "  [-1.00943592e-01  3.22565158e-01  3.09509420e-01  3.54512009e-01\n",
      "    7.31625067e-06 -2.36455312e-01 -2.73154164e-01  1.07456097e-02\n",
      "    6.07999640e-01  1.70851927e-01 -7.99710181e-03  5.97740658e-02\n",
      "   -6.41881406e-02]\n",
      "  [ 7.22730829e-02  3.93894933e-02  2.74996227e-01  3.81313882e-01\n",
      "    6.35162731e-03 -2.99613969e-01 -1.72203258e-01  5.98496620e-03\n",
      "    1.70851927e-01  1.30640844e+00  2.45844751e-02 -1.29349693e-02\n",
      "   -5.90708013e-02]\n",
      "  [ 9.98706108e-03 -2.27376266e-02 -6.79830699e-03 -2.68988461e-02\n",
      "    1.11630897e-04  5.85533988e-04  1.14452687e-02  5.39699280e-04\n",
      "   -7.99710181e-03  2.45844751e-02  9.63239650e-01 -1.20739107e-01\n",
      "    1.95900641e-02]\n",
      "  [-5.43355421e-02  5.79339176e-02 -1.46779062e-02  5.14627731e-02\n",
      "   -5.60671879e-03 -5.10272637e-03 -1.25375197e-01  5.97141381e-03\n",
      "    5.97740658e-02 -1.29349693e-02 -1.20739107e-01  9.82423845e-01\n",
      "   -5.76562407e-02]\n",
      "  [-7.45999415e-02 -1.54703641e-01 -1.10599294e-01 -2.42864650e-01\n",
      "    8.99851670e-03  4.87404728e-02  1.20403335e-01 -1.08794146e-02\n",
      "   -6.41881406e-02 -5.90708013e-02  1.95900641e-02 -5.76562407e-02\n",
      "    3.68972007e+00]]\n",
      "\n",
      " [[ 8.39062730e-01 -6.00890493e-02  7.26966035e-02  1.02705521e-01\n",
      "   -4.89918976e-01 -1.18666739e-01  1.10417954e-02 -3.80331003e-02\n",
      "   -8.79942713e-02  1.07413599e-01 -1.62821592e-02 -6.35171175e-02\n",
      "   -1.21178828e-02]\n",
      "  [-6.00890493e-02  9.48075819e-01 -3.96856987e-01 -2.45570391e-01\n",
      "    8.15960985e-01  2.61503667e-01 -1.91737212e-01 -5.51085955e-02\n",
      "    4.73071052e-01 -2.22230750e-01 -4.54937553e-02  5.46160771e-02\n",
      "    3.26553219e-01]\n",
      "  [ 7.26966035e-02 -3.96856987e-01  5.95522509e-01  4.99052513e-01\n",
      "   -8.96948049e-01 -3.52336845e-01  9.37342974e-02  1.45711534e-03\n",
      "   -2.18448999e-01  8.48607564e-02  3.72241351e-02 -6.79163876e-02\n",
      "   -3.01994293e-01]\n",
      "  [ 1.02705521e-01 -2.45570391e-01  4.99052513e-01  7.18499788e-01\n",
      "   -1.09938732e+00 -3.85267512e-01 -1.48210593e-02 -7.40307872e-02\n",
      "   -1.08920724e-01  1.22168651e-01  2.86032436e-02 -5.14000947e-02\n",
      "   -2.50209264e-01]\n",
      "  [-4.89918976e-01  8.15960985e-01 -8.96948049e-01 -1.09938732e+00\n",
      "    6.29426067e+00  1.05769367e+00 -2.87077996e-01  4.00037638e-01\n",
      "    2.74450894e-01 -3.04805544e-01  7.83019771e-02  1.78679754e-01\n",
      "    1.28246947e+00]\n",
      "  [-1.18666739e-01  2.61503667e-01 -3.52336845e-01 -3.85267512e-01\n",
      "    1.05769367e+00  4.99192238e-01 -7.37780636e-02  1.00357913e-01\n",
      "    1.29705511e-01 -1.19401541e-01 -2.33301966e-03  5.46532613e-02\n",
      "    2.12945476e-01]\n",
      "  [ 1.10417954e-02 -1.91737212e-01  9.37342974e-02 -1.48210593e-02\n",
      "   -2.87077996e-01 -7.37780636e-02  9.56380378e-01 -4.78466319e-02\n",
      "   -2.12916584e-01 -2.03020074e-02  5.47839706e-02  8.62063495e-03\n",
      "   -9.74067509e-02]\n",
      "  [-3.80331003e-02 -5.51085955e-02  1.45711534e-03 -7.40307872e-02\n",
      "    4.00037638e-01  1.00357913e-01 -4.78466319e-02  1.10310847e+00\n",
      "   -1.13658481e-02 -5.26047217e-02 -2.91506078e-02  8.43489799e-03\n",
      "    9.92354165e-02]\n",
      "  [-8.79942713e-02  4.73071052e-01 -2.18448999e-01 -1.08920724e-01\n",
      "    2.74450894e-01  1.29705511e-01 -2.12916584e-01 -1.13658481e-02\n",
      "    7.99159119e-01  7.87523449e-03 -1.28533776e-02  4.27280528e-02\n",
      "    1.92140937e-01]\n",
      "  [ 1.07413599e-01 -2.22230750e-01  8.48607564e-02  1.22168651e-01\n",
      "   -3.04805544e-01 -1.19401541e-01 -2.03020074e-02 -5.26047217e-02\n",
      "    7.87523449e-03  1.27366563e+00  1.33240163e-02 -3.11418565e-02\n",
      "    3.79003522e-02]\n",
      "  [-1.62821592e-02 -4.54937553e-02  3.72241351e-02  2.86032436e-02\n",
      "    7.83019771e-02 -2.33301966e-03  5.47839706e-02 -2.91506078e-02\n",
      "   -1.28533776e-02  1.33240163e-02  1.02750542e+00 -2.05266913e-01\n",
      "    1.34109707e-02]\n",
      "  [-6.35171175e-02  5.46160771e-02 -6.79163876e-02 -5.14000947e-02\n",
      "    1.78679754e-01  5.46532613e-02  8.62063495e-03  8.43489799e-03\n",
